Eigvals	3
292.82606629832884	276.0282527379582	249.54924362762847

Proportion explained	3
0.3824350228877345	0.33981712669187303	0.2777478504203925

Species	344	3
00056bcaf3eb04f1d988da98936bc1d5	6.70935059470065	10.781301706650583	20.211059225080884
01678bcea2b58f4934ca047a3d8d6b97	5.856757682310396	3.2007251830129015	-6.498935382218811
01bd3fe94455ce451ccbe6fc57069261	-33.0925194336005	-20.71973537054932	-16.205048773244798
031bc75c4d162ff7bc8bf302eb73565d	-18.428595452099678	-2.1703010278116768	29.81777156046377
034640392fd761ca55a00036940c73c1	4.953423039048077	12.67250512550553	26.132707386789267
048321e811e39faa7203a044f5b374ce	1.7258505814540137	1.0292529097038832	13.878346268100806
049e9985c738df5d534704373d2e90e9	-10.819523860801175	-6.687205176736497	13.838878060070085
060045d7682d9df6168c3146fa0967e4	-14.43412558774774	-7.072198024015863	-17.817417046815255
070509adb6a8c7f66ceb5a3c5a981c8a	-17.33353733710222	30.90435117492871	21.061480291032417
08029cb9a88951ea50b93d0a9e210af2	10.888722188904193	-11.463759035905278	-0.4617089019923894
086585ab0654c55c3536a3b17977f340	-0.603870687635452	-0.7628266862590515	13.819794526273155
0a1775972227f8203c8b7601b5ee5af7	-5.588792171042905	3.431374258341706	-9.181247613559297
0a2a1ed7a26ad20fd32c3f112f9bce81	0.11380393343965288	-23.468780073832733	22.823166397671777
0a823fd294075990a4080100d7562a1c	5.734386722176569	18.015239316349376	10.677285655512584
0abdb5e26045c78f084f4bf2713cbf33	-1.9484594649391107	-0.4052105451896003	14.307797288448175
0aeb72e1e54285fe1d3b4d69cc774cf8	21.91237813959022	-11.112961072230414	-18.990917891352954
0aeec48b8fb67093bcb47a844c91d0d4	-2.733649512300871	2.050851183362679	12.85865737288132
0b162ce62286b5bc182e903c1c51c58d	-26.900649681309485	20.217840380614255	3.3840933440752132
0b21d80d1f89bc30d915fff4b7741731	33.692464001652226	2.0881891875154555	11.108126753510811
0b820f96dda41afd6d433a7b1234de94	6.041936658079872	26.035719518479358	0.9735669196571013
0cdef895b9b57b30365ccfea3fb0fb98	-0.0046451104425405095	-18.161470144512784	-8.324283842879515
0cf57c36f015582c5f41d85dc63678ed	-5.17430335133535	2.8194203139467438	5.788472042578757
0eca354b66484f0c52da116f1ebe0bfa	-6.363358708906166	9.475873578298058	1.4987745935501948
100e039fcf15e05226be0a807cbcc627	19.971686813578245	16.655297903084755	-7.036629980289757
10d48e390e0a1f0ae7fbe497f944e4b7	-0.34511150793384127	-6.093912251564016	-3.959375776425143
10e5a1737cf7d95a92d51a5f3ce99add	1.318576152403278	-30.92835431316166	26.78062064607063
11725fa1ccba01e0b421521a8278c4e9	-17.653966418451706	9.118959407215616	16.40830930003871
12ad92c33b307bfdf509d684b9f2fa14	9.113042959870596	-8.840547975495026	10.162811532886346
1357c3aa1b8ab3debd38b96ad1787d01	12.496539761692416	13.395034149606191	1.3731620017642707
136e611a944d1af7eaebbf8d555b5f55	2.477914147318552	-6.8823093512521805	-8.274912993713537
14530046d9e990a2f0fa52bc532003ad	31.84843098471901	-13.427192959938793	-5.465937830523079
1492f7055396c89a9efba8282da334d4	15.222490590913775	-3.909871576953692	12.763938038756407
1505a548e433fc399176c1c4732713e0	18.944129175017835	14.489550134200561	4.30466044766338
166e73cc80d4042d1f4c923db56fd924	-3.732736381445843	24.19365968133052	2.857638258270866
16abf950398f5c26d7a83e2c47c35c20	-33.01168690008487	13.89772329128242	-36.38340437864258
1925d431b9d4df59043f52983e747671	-9.097811082235918	-35.376605607955774	28.99902245465555
19a1c46bcf07a0eab8525e09a1844112	44.27249810062475	-23.559047185197702	10.083994084176846
19e33db1ab79a4d1f264333c5a983b79	15.63821590566007	-12.350221503848745	15.313521459558794
1a54c02a87b572e73564f6ce8182e192	14.809015277801164	-8.78872440413877	-20.697834293808494
1b36dcb100265ef492b2651e68fdca1e	10.453578166262568	-15.11407595000738	20.313172849028817
1b9b2c29f601cda27b52316d150b10f1	1.6119579582206467	12.010913523781618	-18.372062819196106
1cc57818dc10dfbe0c44cf2c3ccd5714	-17.758996080111693	14.676426405154244	0.7285423775807485
1e38bcce11dfc0a55620c4f6a317b547	4.341508294699844	2.9273408847789355	-24.096534802957432
1e3c86d80976aef669c18da7b4a5e1ef	-36.564856727570444	-4.36355175119978	-5.359603858715576
2041447fd98a70ab535e2ce40ef988a3	14.496325789626201	15.975414517921282	3.469725911119267
2055eb26eb5fe3d4fac2d9b51366bb0d	-8.42807361445311	12.88566876512998	-12.531286164598384
2160a557aebea67b49d2aa57a5e6902f	3.621303746806349	-13.855496094166964	-3.8542344608784207
219ae21f321364e8fb2f83d82fe9b22a	2.779252796530302	1.4828284238897493	-12.101687565439944
2263102ff78929e8965a650c276b888e	12.346237259537022	-3.4773838616272617	-4.233686607734487
2275abcf0f25a863d6174c7ac165e759	-9.126834947708423	4.611920013926779	-2.9600556361881165
228e5bdfe0aa709095a2f688724d7767	0.18584204355406897	-6.562017770924711	-5.60703722576729
23535f66a867a6ccd6da626a0f31dd5c	-13.403075573020784	7.828720285815323	8.914001635398565
23e2400d78108ea874d84eb112b65afe	-20.23484413715387	-7.648042777592352	3.9575214257381375
243613790fd8a0b13a6e0e96836a7e49	-23.2839052658676	-4.68034075027896	-42.28406309962366
258d835a10d9c7672cbc055dc882d683	-14.6513650147365	-6.060110733732177	8.02352073177523
260d08fee1d28cb66e73473a07389044	0.05757439699700221	-5.648505609970439	29.90602608400159
2614f8181d199e0a2344bc4cacd5bbe6	0.17299522524055788	-15.32277017782678	-3.0001472792564075
26bd75b4b7bd76cf582f304494bf1e1a	-7.281016153269691	18.478675604402984	2.144515279190935
26d5b41dd48776484c863a05faf3f2b1	26.134248337141898	-26.112336763884567	-1.901682803342887
27319161c39e618a5b57f48b4510a903	-6.611897326334244	26.96146430500801	-15.337097863161526
2803b661df0847eb6087dc3fecc1c0fa	-14.765075645894068	2.3438119662533645	22.779293097305068
285c246210326467cebf973e39de4c4b	54.26978126961596	13.753187324629089	-8.021977272730915
29d9a136c40bdbb509e14f268488370f	3.1360902685756065	9.050336924488608	-6.522532521959711
2a4811d4964e4798ff7257e923c29999	-9.73252394995947	-2.555395517297995	-16.09875834060845
2acf6baf2e29c18e8fb33ed9007dbcc7	-6.077413701071056	14.45785253075275	14.379036495323824
2beb56080cfe7c5c819243a9e09b11ea	6.354971891178248	-20.07427022513009	-3.304494088940785
2cb9fbacc5946fa230b27bfbe5abb9a1	-3.349368199563334	3.3346326827231483	-35.08392712203438
2d392ae3b96f626203ee9f01d24191d5	-8.75292954544641	11.190972959757667	-17.165020839125276
2dc5a0dbfb6613825e45889bd6bfda05	11.063166696078435	-1.5070780997277509	-2.966052774773033
2ddf1b25e0c80aa24f2024379724d09d	-27.174944272964336	-28.4916362931837	11.589884379283165
2fcac9963357a409f986235e5799fa7e	-7.031997358304285	-2.2242454779027434	-8.948523161310634
30273a01e2f871752acf1dfd9364b74e	22.264839441770167	2.0075565892836065	-9.733872016039232
30c48a661e051c9f7022f881c8ee2761	-7.339652634089832	3.978862105031241	20.94911243119892
31d55184a3e695a53d74c0d606658577	-3.374696917285405	4.685222563166098	5.305919364748703
31ed1d03be907717199d50b9a58046d3	-14.861446215270144	-6.279271119756354	13.161847670494886
32facb1052b679b352451d2d29f72bb4	-4.234445009087547	40.793206199738364	-5.010104258880562
33cdb2d178b58cef3aa31442c484bdeb	13.18918294237303	0.24709927755406377	-7.7640628743239795
33f990efec41e9a54193446b0ec2e0b6	29.16100644453016	4.0104765632135955	-1.6472092312736024
34833c5e758825dfd60240fa8ce2ee50	10.219368919413457	-8.064843346227814	3.542197264376089
34a35d1c9e1446100a5fab7b24ab8181	-11.08728649296454	-17.184294107412953	-3.8740451426342424
34f6fc954d993f90ccbc3c490e09b54b	-1.2670184568432072	-25.19494679689078	-15.891145944414339
351689a6518d0ff0dcdcf0c8d4716821	39.390685535192326	-0.31044647616321847	-20.7184558953279
354fad405f5e1dde1fe20ce6c6d8f5bf	22.10085110115758	-4.592843135415087	7.259824216391982
35a0eb4b2b5be01f38f5a692222650cb	-18.783153004781475	31.467217821220473	-0.9614860534247726
35c908e555dfb3ab221f68183fd21d5b	8.39850799374829	-4.775155348594654	-4.311046061244826
36bcf44850a9abaa03ef2ee725ec765e	1.3115474155256623	2.4429449551387497	-2.5155639391432234
376e40d97ea420be2d8a068ae67dd841	16.472338913727608	14.334651254597585	-4.985228427689897
380f2e9d54af3c7fd8090503d65306e7	10.323532963269722	34.977783671189556	-12.622092929882019
389311edfac9459fc972d6c746eb20dc	18.084525446340415	-12.251359148679953	12.972761001302382
395a6718d9bc2fc3c78ca504e45cc56a	17.249893752625095	4.6510088364056426	11.978905944397887
3b69b863dfbd59dde298719e7f978281	-6.025331929108481	-12.314080483365412	21.8899459667739
3bef82ecab49f45ea30d57a4c26ef5c6	-6.556610929329556	1.4201479751082913	-2.143217711688042
3c88917286cd7791afc8f91df91fb4ec	5.042311097271686	-2.093255762196873	15.649971151051947
3ce427fa47c24e12eef69c9fd86191e4	10.912894845020709	-10.392764471284341	-12.210483046573506
3d3670c019e3d375675001f846e23cf8	7.727033242786765	5.509920674525497	-4.709422074861983
3dcb4b820f0c54ac3b4934c275a07285	-23.74114698219846	0.4979150553803328	3.297545333494778
3eb58b59d1e08d00887338a5d28e8c83	-6.553818727516075	-4.786016519011721	-10.265401601112478
3ee5eefceef67d849cd10fe0309a23a2	-9.107672631760977	3.4334375468128795	-10.958751040274615
459bf58ca2c838be2859909166f4bd8e	-11.375479654945215	-16.214206775967103	7.009180714763472
4628a235f12ab9377779369e06d0e8a2	-11.217647261099527	22.85527950084987	-16.97462845177169
46eae22b0f5df3d9eb1c1b6b4d0979ed	14.527812145448337	-18.510923343129228	6.465442399459303
47394af1100e242abbd1e1ce09b2becc	-12.711172186717992	31.505777639473745	-18.463916604609157
4747335cf6e50932897fcbb0c5fc0516	-7.118485867395522	4.708768941029274	6.238858760238208
47c0cbbc8f2c445fd8af445c4785f491	-8.475556577575666	-1.1597208733858118	-3.9269417158270032
4823eac7ade162ce9408f4531787234a	16.414669406244066	0.5571466149571126	19.213915555128185
48d533457182cf37fefbe0eccc6370cd	-28.411491386255637	-24.355724172782228	-1.7952902762399185
49657fd0f66dc0c9fadb7a76a4c4438d	-10.403344911021113	-6.574375919579292	-20.777967823237404
4a492bbd72d7464be900afeed3ffd4aa	23.486067805722595	-40.33233436181177	-4.591637712979748
4a617471e7e9ef87a5dddaec1652f5f6	-10.913893447071466	-10.240319110097696	13.45309161757552
4a6c32023a9c0414b93611a43ab2e97a	4.513177828344435	-19.052891989436436	0.46874995617938203
4a7a37ca8fd0ffe04b87dc50e0ed8f0b	-23.031368452479363	3.9534264102093504	39.8458223566959
4b294e372996ce9891086169c9d116d1	20.547983418506725	6.647356325332154	-7.235896169147853
4c241f0f7beb058db097f64adf1d3627	9.853236472256066	4.092055261449466	20.656613311590426
4ca05e440fbf904bcec6acaa6419e3a3	-10.197344952437374	-27.637148494565434	-7.0709892378309585
4cc7061fcd5b4fcd48680f734e8ded06	32.182472827981194	-9.049908969117766	24.318159280145533
4ea7a79e165ab1c732031f61816c74f9	-4.02768229897883	12.156139442766795	-3.0267004675141225
4f7fbe4848d84527f943e630ece80f51	5.3807734120651345	4.282574288296832	6.520133726767696
4f927c7366d53faf412833b101cea313	-19.65633317435964	7.435234379738863	-10.215013344015059
4fefd3ddfb9c3de1651ad4517ab91a96	20.460047253382385	17.706148463783506	-10.451765863044663
50c4567910430a7cbcc0799315924ec9	-3.1428896848248753	15.436185255551354	4.384924740421527
5104685e3547f7889857673344d304ac	-40.38306292306087	-10.575570346486483	-8.329022517750076
51dc99c17003ba96c565497f74b8f0c3	9.417765847925883	9.214904676247595	13.527138146005395
523f9e162966438a4d1482831f020cbe	28.485707474327615	5.179751893679703	5.926111880339763
5268086404e1106c712345726e894f06	8.637588858692109	29.235973645332344	13.478619305649612
54f1d056a621d6e6a69199326f1ac0af	11.809237094777007	2.4407923489753593	1.5948443862909392
550df12bc561cff4b34e144d5fe55b7f	-21.086272580493294	4.3635144883819965	4.7174924582614235
5546963851c6b0f0b185726892ee7b2e	13.238514228802662	9.165764854867964	-9.592404869974178
556d91e7b33fd7c4952b60195f6f1c6e	-23.68283935656717	-15.955143193154868	0.6718780244316888
557c5907122a1325bd3ac1edb14efe38	28.004355478895718	-2.6276543008982842	1.985921852820493
559615ddb1e1b56c99be8558f837413e	12.514099919809782	-10.911936724001533	9.80015516686669
55a12fedf271f6ca56a10005e549282f	-11.591336368189914	-2.9488773223318763	5.184579718667827
56443aa3849f20e0bea2762c5e2cb82a	5.024058469003452	-2.791806088199596	4.906792019403807
56a2e3facead91fffcf31dc7f8f1fa93	25.968316812847597	26.81324815403885	-10.661002784911203
5722566b201a860939f1b187eb4f520c	-5.809106525283697	-6.283940439569753	1.6474809973068787
5a9ee2ed397c2b782c08eae71112d95e	-25.305135654299637	-6.181039214008797	3.307189475082031
5d4fc8b6a0726b0f1257921addf300c1	-22.626605139381127	28.969430756552416	4.706619738449224
5dc03b7daeff725048cba59d46f2c2a8	0.2557168578680097	1.1873010073951	2.5627007566508953
5ee190ed330717c4a1b357163fc2ff6f	12.267729000959747	5.043406299387919	4.91765272435052
5f2406154fc8ef0127f3bcc3bf4cbed0	14.19434394742805	11.211920117945589	-13.085553043439491
604a0baf6202574af957de3e97a21ee4	1.5034687790503285	40.51529849484715	-21.593410743620247
611067f0419045098022d750354f6eb0	1.0716657669845842	0.9684173553800349	11.563688005996662
6393bd2a0e1fcff21daabf209a453e2d	-12.209783208107309	-13.908337273115666	8.884427416612002
63ecc85e440b61b3115b0a1c539978a1	-15.924692677167837	-4.721972910254195	-2.0743726259274045
6438276173cd7879f7052ec547b7bba3	10.360008903565316	7.517606521516941	-6.3632654551271175
6582092bffb7e5b250c16242d0c0f297	-0.7374388662435097	-0.25396297657984535	0.8381831614586763
65f8c08744d226a31ae67881eb1e898d	-19.84673468728722	-28.33101079684586	-14.8064963247025
677623cd58f63210d5b2d809274c3776	-1.082950781360725	-8.574811901210467	13.710936441904932
677fa5eead25107508528d46f9ecee67	2.1845151964584475	-10.412720329214816	3.272792148248064
67b469c82d644c5f5b0eafdb81649fd3	8.70268161097241	-35.710330914006065	8.616670051503649
67bb862afaef8edd652dce5d5aa2c380	-7.797226266544134	22.681825559262997	3.806371184296657
67f85d806ac0501ddf2ab5a6e6a8a1ec	18.078972968422388	-4.223203222021623	-6.5632965644692725
68419107dd2c1d6cabda9631e27db1d0	-9.664648102791817	11.073583595507293	13.942102270023346
6bb4c622de42f5a91520ce0cfc2b56a8	1.2597253977520626	14.381493353168626	20.9642788731197
6c2469877476869511d078391e3bfa97	3.4890968683085726	13.315358951288983	-0.6805478626779361
6c2df82dc9f7d95d2fa26f981a6802fb	6.8807488677398725	-9.877244435610285	-1.4364793172856598
6cb9877dd737e2c943bf72ba0f114e30	-10.862526771468524	11.269075976192395	-14.281170414192069
6de8cf623b5f406ed64ee1246b1be4b4	-12.731102014242168	19.464900888713007	-1.7947431580197375
6e27626cc7716290765de45a07b0284c	-0.09114047340936784	8.709373097150678	5.900472450980501
6e6d0d283f8794d158e9ad7f09960b18	4.875015742068255	10.893940253868678	6.466296291882705
6fba97dd3b704da519776c439035821b	20.581103738057017	1.794555178358276	-2.1210364466789393
701e711444ea753c6fb81dd000808050	1.080750064775388	-12.363126779635378	-7.78931723482008
718884be6ea446cd00077da4d330d8e2	7.801049602737608	-5.835649881872262	-40.970941602409965
72287196e85710d54e525ec581f86551	-8.778928904214316	-4.035376968033645	14.506040227457255
7262c184116681974d7c727d1185c0ce	13.963650070770012	23.128406026132556	-12.986514278445618
74d2a502e6de0b62163cf27f713c5b9f	5.8687393500540415	-5.846119082004347	13.238739768299544
76cc1cd67d19d8dc6e5ee11117ea0e94	14.465354419328571	0.15831170531482222	0.11189251080603126
7856700e0ebd0f63ea3ec7d98f7412c5	4.624801050328583	-3.1131722693844877	1.1842231264797614
78640bc443011a562fac6913243fee61	-13.690933062556045	-3.9506112928729094	-40.419730434008564
792d482e1603901a40b4fc8e5a39e309	12.150301054699549	14.889016038205181	20.465716286519754
7a873bd19ccbedc33503267469ecf5ea	-27.647865399558363	-9.55607901810805	-8.51471410610623
7e8b98d111e47c2dc625166be2f73bf9	15.258918328168717	-20.678350488805297	-3.509675225084517
7f1d8c4451eb52641f7453c17696bf6c	-20.629679044070027	-18.98692371749397	-11.743436637262485
8091a191742e9d758effa9c221752de5	16.70545803827484	-27.827971918683364	-8.000449433664256
80dc46738cbb26e77bd9c842d10f8d24	12.47968251980172	-44.232413849933046	-0.7247984068136527
837d73077ea37042794d7c79cbbd55fa	-10.144866266080871	30.991176408687213	-20.111942713300856
84c0fcf56a322a6a78e8b758a260ef91	-26.913208039550693	5.320136105050775	-3.284202660939933
85913f0c497150296299b5868cc81806	4.864065452962356	8.856208924768055	-12.252907300728902
85da9063066716b3246cd0ad4f665486	11.074015166770838	21.893848088463425	38.86019319266931
88e66594808c68a86420dd8b72302c3c	0.5827252319354052	18.374986727475125	20.827917061029698
89c938db8d9264a11ad5d9e8453a5f22	5.074238985940145	-21.428412414428173	15.964723613451355
8b36aa1bae030e181a2d4e09ded8dbbb	-8.77152537437988	-1.881932542863415	1.1308794524489985
8c313c9d59fc1697a7b47ed4c536ba45	7.341587565238019	7.010059705656796	2.2326065206709846
8cdaa662803d730cd3d608604b8ccc1b	24.294644316325208	1.8916861823717275	-13.578724113227553
8e3b4c46544d3ace61ed495b6f381464	7.593612956368722	-24.167197341446197	6.288227800274302
8f824bd0b738c65aa209929ab1666660	-21.673519102028102	-6.351451348437576	4.633948589538674
8f867561ae62a0498db0c55fb0edc934	25.430763861322735	27.35151871788796	3.9087616159810077
8fb522227a33af70c804ebccb2e0aa99	-13.42205154660162	-7.715281223431661	-4.052686332987169
902bd5cc9b3bfd7174cf11aa3c302a1b	-4.810231287783857	-0.898040101370436	2.1993737956309696
9110148c75a18ea573b3bc9904d05d7a	-4.106409998821418	-0.1635813404879161	-1.6210171594146383
911b1952030fcf48e5b8047db1475214	1.6233047113035304	-9.275952862622983	13.460821746184171
9135b9c4745d91fdf22b1792a9f7823d	-14.71714043335644	-32.343441342410806	2.2246011430121224
91a41add89cc1956ef72b139fc0dc36a	-11.89521501571426	16.792091743963397	8.807595295338151
92878adf27a12a3ddbe6fceb4e3275f6	2.2818672181537263	3.4496458291476455	0.6588354743344615
92a69246923fa2c997c515b0b357e8a0	-2.7358082798259433	15.792434363955161	-7.506968320084169
92b48f8902a01a8e9bd724ceeabc8af9	14.701525148764382	-7.155739357158526	-4.54644140417671
92fdd613be6eaf59c4883c27aa436bcc	-11.78049247671788	9.019977946936011	27.955466078477425
93092a331bfaef238235df70f700accb	15.992511677733688	2.91865188501946	-10.095088297682597
9319d05e7cc994d94cd1fa91fe58612c	-10.993029266195851	-4.95690390900642	-26.636139083265665
93bbef6c12dff490949e207ce7b57c97	6.720453195050262	-10.371400652382102	-7.263912506070314
9458b7dad37c46ef77432c07caaaff8a	-13.885165766251395	-13.947740573281758	-8.602758423990633
947a5d4c7ad27a42b75192942695c109	-2.0310756766489666	-2.4721190568050733	-0.206551394898132
950e9bf0cb8019c5c4572bb69432e2b8	15.860172567752409	12.959258290927936	4.6345443975077805
95235d1f076982d8fe7996450249bad7	4.821801152874001	17.86384070332531	1.6529545254362101
9567323bb2aba079837b3d6b60688068	-3.0406697803228475	6.08457075486897	13.12430690591847
965b2e018609a1a0e3cd887a9262426f	12.19834792702864	17.653541630480856	-3.753986524880356
965c869e6494d6aa9573bc46b38b0863	19.731048659786318	-3.1755819586185443	2.7585762088356476
9722db60e77619e7eebb81db4b226f7f	-1.5176719317522083	-25.463403099471307	-4.913241694683171
97411ae93db131250771fe2ae897e5cc	14.898307173305923	6.8346861866332835	25.952199434621214
99df9369adfdd9d4b907bdd11bdc0e5f	26.638401972304095	-2.8763637869354204	24.62577023959584
9a59bd0e9af8ea1de6716142351b7982	16.477650616876712	-14.73779473939051	-0.12867776387090052
9b174cda29e888577f6942e5dd5aaf6f	13.290376437910302	-5.89087336429919	-2.721562707194405
9b1bae2f9b97526fafc8f150d7b486cd	2.726280535799305	-2.2754430863748367	3.1453680371818606
9bbe06fb247b933d10f35a2220a0b5d4	-7.179131813217422	0.6702619963409227	-18.70251076608188
9bd1c21c7d6c7f881fda334545158df1	-31.492179256802597	0.043478678745517994	6.97495385077176
9c2d8a17c717cc793fe7af5d37951703	-10.873954780652953	21.251215669359706	2.8326435175760607
9cd1aa544247e876f4dc6e2e454105ea	5.5354847646083725	5.79376535051288	25.889963468021254
9d0aa7542990f0c3061ec3fd7dac6354	-2.243285994732497	-4.497784398367518	-0.626793532772624
9d56e90a5fae5721052d961ef7e7d2a5	2.1904768140546245	1.9996296513917668	0.6516396422765318
a0032094ba7a48ae0550c95116ddc542	-8.189623094457648	1.3983001912844015	-3.423914147971516
a003788fdabb27a0c255d291ff751a5c	19.395347065844547	10.480798880772843	-13.409701984036495
a0ba082a7067eefcdc4a672dfea6e41f	8.42801293486954	7.607869996778178	-7.268774935799243
a498df6cab3feb774fb9570fd7143c3c	17.444181914910452	21.383527004432427	-21.83964238186339
a5b2419d367b1b532eaaa6468ac875b2	23.377359730918407	14.990263161052052	8.154625678681995
a77bce6df3593ff2cb22310b85096033	2.3237645174297277	11.544455788414172	-14.873762192429798
a84abbad64d4daea0d5c0b7c86950523	-5.577831473592236	1.831474150478523	-0.8661926025398705
a8ba90ee97d6ed2aa4aa6d6163c1fdca	-0.3408202498821653	-0.1255668989279246	-2.705763117228261
aa316b1ee29ca229d3b6e3baa3caada1	-56.928949242276936	-23.68441221795911	20.05358195090351
ab317db3925865cddca3f29dfa80f665	20.092177138985267	-12.418336991814531	4.044820574521877
ad76d1bbfa002fc908d1d302cdc3ff98	-3.8257352628342747	-15.411438133928483	-5.087487268710241
adccf260fe656dad59e86a6dc8e50f6f	-27.470383222575823	13.572566401116	-15.761373217808718
aec3242558de5d1d6e4480ed7c673bf5	-14.877321937278284	22.411275464856104	-14.105663458083605
b01a71b94a5275a92a815babfb05b506	-5.978091434914468	-9.844478646990096	9.659780728955674
b09067de9452930758fee710fad8e9d7	-15.226064216373153	-16.71080706003212	-11.81946575211458
b1416bcf57713181f67d91a8e135ccd7	14.7350679415854	-15.621880671849327	-1.6345511223751608
b394a77079b74bac5f72a9c3320058b2	-14.457195489840739	-0.6607291595730462	1.4474647354096377
b49a1fdc282cd8559dbe092845a63979	-3.066058770454946	14.282952742369195	-22.33859326531565
b54d0f2c1700cde34216567c74b49403	-7.203105156580049	0.5300409207065998	-16.847356009154556
b65ce84f223f08d06700c147ce8832f2	2.51328293445751	4.057455701645858	-4.367219718019843
b79951d6c761e531a05659cb65255bcd	-5.670212565111517	1.3723217819683706	-9.825285462590898
b7d95e87ceb4f61b19f11fa8b601599b	-10.521285339829676	21.35708014019494	-3.903515079357386
b7e9f2010a5a4fa0682360f66ce9c810	21.670272402510523	22.055654505852864	6.089378205160849
b8103800f6b00ea71a1868e3723ceba0	4.364945660357639	1.8840980453318021	10.116942634098196
b8347a69a4731d052daa6c65010b6db5	-5.858965240008788	3.9686449377057675	-28.05091769147137
baca416990c75e3ce98b889c7cb02f18	-8.511525194821532	-18.301581074024448	14.484657871935305
bb04f0db97606a5e716419b3cc77aaaa	-12.549972666194053	3.0447052745710335	8.45597632355937
bc13a174cdaf04564d81dab5feb338ef	-23.22325053004834	3.2658014316282977	-8.6193312044562
bc37094e8567503408d97a79b5433028	2.2098543803614947	3.640026264159767	2.698434472513918
bcc9e067bb7eee3f617966cd1b2ae742	-28.40619036381242	15.373127513912822	19.271013436734762
bcf4065e27a7ff738f4a28c9769944ea	-20.04022262569813	9.48381011805238	0.9938940962528052
bdc8f6b36a8a2ae56de3aee01c55af69	-26.774693617605315	-2.6068996441126178	-8.300684090459775
be2721ebca88dc5f0b935702dc065cc7	-7.511679645436809	19.80631563380298	15.71549102008884
be6d75e0372aa8fc3a06cb6b1c29985f	1.1016935943195763	2.4847494251465867	7.763115981172252
be76abf907294ba5e27bead6c7a161a5	15.187415867121851	-6.823710948652869	0.17937574394191488
bee2c9aa927974a5845c9a4a2b7ebe77	8.126331910369592	16.80264321503646	2.097762702840189
bef2314c96695b0702209b5cf9521182	-3.1321405811040415	-3.1594021672138135	-3.0737162823677298
bf20b4762ad373cacb36a35fba23dcd4	-19.124051669861213	-18.74920257118835	18.643410463247807
bfcbae5fb0e96ee86398f66514235023	-16.72936180332724	-4.8639090650613985	6.943508993209343
c0912bf03f31cfacf07ce3462cb611c3	-5.14859128513826	5.488598760141703	3.310719074349075
c0b8ab6e294394f6d6031669e1fa3b0b	22.536062266512378	-8.559152274952508	11.223927482481932
c12a7b0b4974a6cdaae3d7530fc0cd41	-9.49451429153179	-3.1326695112334613	-12.126122287216786
c22243debd017cf66f9da329f4fab550	-1.2894927354918475	-41.637123824262964	13.011093209030626
c265f6ec7200ed1f03f1501c3ae9604b	-2.2769627563366157	-22.654730942365152	-3.324055340599823
c2789cc390cd77132790439ae7102061	1.8415349014648574	-8.984426851655085	-23.486524509066435
c2f46b211c18980df4af0d11cda5eadc	-13.633162202969071	3.989331819333757	10.092162324039192
c456a2fc832afed8b60a9dd0c155c5be	7.171248500407927	10.615678434040552	4.210945925204593
c52404d9a3cd381886113b9c11ed4f51	-23.406239082235746	31.150439283675887	0.25445224539985256
c5ad7a91d56f32bffe890a9e8e3c4d8f	24.390793341929594	6.550876870228931	-4.373890106687171
c5ef917a072bdc88098f92d6e350853f	4.501507346426785	-28.254392835425094	-9.057332295708873
c60d4ab5e2efadca90143bb7d4415fd1	-8.421704512549015	-9.135396239537137	5.2333234571537
c619eb858d1b5afd0ac936c3015e5f80	-14.175397961575436	16.424255888217093	9.044769950861419
c78e804b52ac7b8857b2c5da1df8d243	-12.391248557616855	2.396761995578278	12.59848999418905
c9bdba35d3acfaad76c53bd137f29d72	7.223900482691325	8.143740705066874	-25.617881464626382
ca776f96c9d26b00009fc9f02cf00c44	-11.101498261648727	14.882446110586187	6.483515848062566
caf0612ded126d195c789180a7de2c3d	12.144763339576095	-14.949438742150233	-14.521922318999556
cb19c99d6d857520f32a99de4676baa5	-38.89900720910226	0.5595257515995237	15.745287792722648
cb9491ce33553f6dfaeac8825d136adf	2.601852875801067	8.224493677943698	3.1641043722055957
cc27e49038ff84139ca6d2fa4b52e643	-26.623178185985438	-27.11926139535541	0.2645326787917431
cd21fbcfd823ac35c94651f7d629befd	-11.344991358899344	-0.3066382156422553	-12.472746439343812
cda0258fe9e46292b58046ac837083c2	2.4150860587951968	13.803341423820582	23.95348295920252
cdaba843ddabb1a7d9df4a83524dbc5a	31.65699872178743	-9.59799201965777	-7.015008728997575
ce0a46308749a783946f1f1b1980b0db	28.594511202081268	-6.0416989399829495	-17.867716242433268
cea0c70a86c95c56f424b2c317562310	-21.435339993687716	-14.866395065590085	-20.326076970461372
cf2bdc684a33337cad1f52d6a93d1379	13.49499205113014	2.9742028377820997	-12.084438334326821
cf3085efff6d57d72944424e6e412633	-21.107613080801485	13.457859259958797	12.982425850758315
d08a6d60f19fa3f79bb2ed9b35026595	17.230661618603794	4.967744861779431	-2.0219533495680957
d1282e2f4ff39ec47248bfc92faf3f66	-9.791129531178434	-23.179989883162953	17.330257560973426
d18d3a541861ad68fd67928cbb1d7056	14.677880045618926	0.09053396650051344	4.879259224375829
d21f1b5abbbcc77cb8514d558bf4d27f	10.320320422738144	-1.3901131514686613	-16.487119743873237
d23b68d9eee3bed1341715f6df1628cc	-15.312740253987235	10.459407544661115	-13.551993788529597
d32547df5dc908df00e606c6da6915c2	-6.95979273009205	5.734105701000378	2.405646731215735
d37584acc79096e465d0a04034ff3770	44.57633457664831	-11.233794987416113	2.4623148173758405
d5291509461a2bb206d546dce6967315	-12.210943866200397	-18.346746137506663	-13.76099706656866
d581b1c9aaf1a1e3fb9e47820af732eb	9.318475770315422	20.103453084040744	19.623412203814762
d66430d06d45bd83015cd4e272be435e	23.19551235003576	-24.142147275008895	25.310036585179706
d6861067b48f2d01275503b2c16560ba	-3.603090137371375	-3.5100683017302994	4.4497219517406625
d78e7e3e739ff90bb23f877c1f81a114	-0.8475605400901453	-0.34337917799066653	2.0815561458212897
d7c40dfce5467e2a0c850c0e786e501d	-13.154247759448957	-0.2255821240730814	0.13786347235422647
d8a7c2f489c77b107742d89a90ba7096	-7.969444605556067	-6.3763975876182055	16.457739463306588
d9a7074f2c9a6835f091a5c5b5084e6c	-8.684100550312913	-21.57514384494539	-20.583090429842752
d9b724b50637a3f56b0cb6c95394f479	-10.989426492463165	-6.184569741511597	9.608337550137346
db72295f64e8611d108556790d08c723	8.188272545785392	12.062747584325573	-3.10952753256088
db75348bf17d7e1827ced201d604fd23	-18.403704204955314	-19.881552797000676	-9.465514034189447
dba177c5454b14919a45c53d874d93f7	-6.952136421876098	-4.783039793991672	10.0217847273402
dc3f369ac758fe2dfd56624439e7fa96	25.98042845360113	2.851948014762178	13.030790144031362
dcb96508b4db1d9e860541fb68f7b1f5	5.6470702421784935	-18.88910228456702	-7.729894499806159
ddab02a78a21523630eeadbdb6f2df53	-2.5282838422256733	-5.891186092334289	-27.937495734568692
ddff848f38eb97ac2ae2c0101fadd1ba	4.640877921309006	37.24176618031266	18.643976210219407
deac0311f08ab572edf5c03a072cc470	22.540098275190054	-1.8028378585734173	5.806872525883646
df015bfa17b41b4ceceab90aedfb11ff	4.456403058160369	-15.295534215763984	-6.303038038894529
dffb7b4940e0146e0d3de885940f1537	-15.162939247791972	-13.424850778840188	-6.659773581597559
e08aed2387f8d8d3b7719d1e248fa978	11.406976581270428	34.03665373786587	3.857763133961987
e11fdf527f03f7ec134b433adbec83a4	5.697140120475132	0.10802939962378111	2.9709802925376345
e15ec9eb089df2cdaa7021b948f08452	-0.04381892471886192	-14.101749144330213	-1.3273965044329827
e1fa77b8622d102b4f0ea7f5b64183ab	-21.071088188939207	22.914952105956	12.086208665309126
e24915f872b88560d3125baa84296d23	6.9734978206610325	27.009598475113798	4.698681296784365
e2e15c0e23ff661c7aeb2e444db8f45b	-5.48503379611418	-5.755588457926689	-19.760762319441064
e30241afb5c9e652ff7f1d838be9093a	5.019208127559134	15.922419572648543	9.335522804729413
e3b66475404fea0a967dabb487e759f7	6.591490284801442	-0.4186046563538345	-47.014579683409885
e4b2d0bf5cd2e2db288832c50a640cfb	20.09358183653927	-15.946035278395003	-6.214210788060195
e5087041292954306387f0f8d4ea6a20	26.229335139175458	-6.688775266546881	-2.667430020533263
e7c659a8042dca810b02c0336c263240	14.143046088821459	10.881359086365805	16.396080837539706
e88936548502e3b4077282ba9c540efe	-7.522980354819821	-7.026853879650367	-0.3249669190334322
e8e4563c66c74f86c0d84c1cf2148712	5.502426115453932	6.271068355248009	-0.6476832289663909
ea442c93c7f8208e7cb8c77a9bedd2c2	22.796804499190827	-6.414177368676004	-17.014890531379084
eb7eacb05232f21178e81631063006b9	-1.5105707329501934	12.4815432066334	-2.5653325797498927
ebb7b5d58b0bff49fa92e43d879b24c9	-3.955499700345118	11.402963834373848	9.995879003184593
ecc2e4e4f7de67f159627578df34d15d	14.133204404152158	3.0883019691848896	-9.48382509505218
ed8428135e4ecbe8b7d7216c29fb9769	-29.023950107533096	-13.147816545971473	-8.273109838930106
ede6f8ab074b682d1dd8458a8ad83b55	-30.238266380462886	-12.585068725739141	7.301707437730253
ef075a177e6557c1fa39327e961f4632	-14.272741189068451	13.447522354862274	7.15820950880869
f3c8a0064b1e822efb6637b3fda8cd52	-18.48957720944977	-0.10820557406498962	20.889762647841117
f45b2788b3aee8e886b774781aed255c	29.476206709468215	-39.80242848621388	0.3034049619218675
f53e322e93c971e1fffb599a49f45769	-2.8125441162197293	0.9737709619906725	1.7111946565472649
f5ac29b7a636823436ab6c2963a874d1	9.952097164096813	3.582866474236919	-22.987611649303016
f63c6aad20ccc0bc4e4fcf08d4391d72	12.73576429335151	-19.26640221695824	-23.61071061594469
f8c9d211480e3433459b40479a7e08d1	10.023368753088707	-10.371799213084135	-1.6753695766131342
fbfad8277b30bdc1106985ba329f6688	-17.50966614989631	-9.58899872693335	-1.0349061190439397
fc69caa4e538a10f9909125e58dcf3e7	17.880587188424286	6.3062280692843355	-24.931057871514163
fcf92ee895911775032f63c36e56934a	-19.406234955987298	-12.206158283811112	-7.202472570213544
fd09f3bcbb086c79b4d1243aefee40e0	-17.36976521015557	37.04729234707425	-8.088248639776515
fdafb032a5ff3bf2da7f16976377f717	-10.845949410768506	1.0594703029612786	-6.49542953556331
fdda10f16b7194164d3afccfe3272f53	11.04901781756039	-7.869037349875985	15.422960300082595
fe828de89def1061fe1331b2a4b39c11	-15.882684588812443	-18.295840478060647	-17.491037304606262
ffe5ab717bc0d1c1a6d5a2511a416836	-7.675407011211927	-3.6793137983441024	-3.218086719214343

Site	344	3
00056bcaf3eb04f1d988da98936bc1d5	0.003601265368354933	0.0034538065093298125	-0.006576102692749682
01678bcea2b58f4934ca047a3d8d6b97	0.033330083324385605	-0.01037828642278352	0.049884997682851755
01bd3fe94455ce451ccbe6fc57069261	0.08767932521990844	-0.02922955957426825	0.03435566177803931
031bc75c4d162ff7bc8bf302eb73565d	0.019271355031141107	-0.01889246518529068	0.12187839704003811
034640392fd761ca55a00036940c73c1	-0.01270736486028285	-0.0810566184297487	0.09166048878814696
048321e811e39faa7203a044f5b374ce	-0.08626048047836234	0.03137288728813716	-0.04862460039406398
049e9985c738df5d534704373d2e90e9	-0.07664721004170855	-0.04313357603013406	0.038255510091447946
060045d7682d9df6168c3146fa0967e4	0.07814327205401801	-0.011450922026642418	0.0640791518610662
070509adb6a8c7f66ceb5a3c5a981c8a	0.07331840173873691	-6.544874921940155e-05	0.1401633583991207
08029cb9a88951ea50b93d0a9e210af2	0.0038080714430251106	-0.011583226627408552	-0.042475376466058534
086585ab0654c55c3536a3b17977f340	0.07785653760887984	-0.02792110899735889	0.0210937245584243
0a1775972227f8203c8b7601b5ee5af7	0.02439866713801993	0.07576155909264345	0.012657918844862606
0a2a1ed7a26ad20fd32c3f112f9bce81	-0.02950852112728472	0.0413412914831104	-0.045037829793950185
0a823fd294075990a4080100d7562a1c	0.05053460573446598	0.06120394746068121	0.0068085089762627265
0abdb5e26045c78f084f4bf2713cbf33	-0.12371935523753214	0.034396689373603254	-0.04984888252396633
0aeb72e1e54285fe1d3b4d69cc774cf8	0.015194884636050805	-0.061834796414433624	0.03390217255299382
0aeec48b8fb67093bcb47a844c91d0d4	-0.05549547765317966	-0.008729240348278374	0.007286834518404295
0b162ce62286b5bc182e903c1c51c58d	-0.074158823355831	0.10451864634132042	-0.05416946793202129
0b21d80d1f89bc30d915fff4b7741731	-0.011831112369103518	-0.011511678481210019	-0.05590419601078583
0b820f96dda41afd6d433a7b1234de94	0.020904088331279692	0.021404670802150468	0.030869724467690013
0cdef895b9b57b30365ccfea3fb0fb98	0.05739042955160613	-0.04181593474057796	-0.024360061843640122
0cf57c36f015582c5f41d85dc63678ed	-0.08315980968607944	-0.011734402503849039	-0.06884293526828944
0eca354b66484f0c52da116f1ebe0bfa	0.05077782500605213	-0.03661836722639589	-0.09503307359784888
100e039fcf15e05226be0a807cbcc627	-0.1934751537642865	0.044915262277869406	-0.0007625307489738153
10d48e390e0a1f0ae7fbe497f944e4b7	0.039583092950397525	-0.03791264678551817	-0.05161168384854368
10e5a1737cf7d95a92d51a5f3ce99add	0.10613192587591498	-0.0012635223399192522	-0.02409878433876196
11725fa1ccba01e0b421521a8278c4e9	-0.06751791914674875	0.0391344675024923	0.008575066225131033
12ad92c33b307bfdf509d684b9f2fa14	0.014625156492171196	0.030380712648454176	-0.034695302910083256
1357c3aa1b8ab3debd38b96ad1787d01	0.12436458546533453	0.09432196253807598	0.04782881079547883
136e611a944d1af7eaebbf8d555b5f55	0.01680253874323675	-0.042577148978745906	-0.011418069701709496
14530046d9e990a2f0fa52bc532003ad	-0.13067796902718973	-0.028699938164045983	-0.06999860450695712
1492f7055396c89a9efba8282da334d4	-0.010612170625180556	0.029563005125469024	-0.04933508663877404
1505a548e433fc399176c1c4732713e0	0.06569008852375553	0.016992289889307195	0.01727705830087073
166e73cc80d4042d1f4c923db56fd924	-0.017513207689815364	0.10868429729658258	0.057490444742599754
16abf950398f5c26d7a83e2c47c35c20	-0.04559220976166775	-0.04428280798975662	0.014733760124877223
1925d431b9d4df59043f52983e747671	0.006363289890950464	0.05974354137640373	-0.03975106886880165
19a1c46bcf07a0eab8525e09a1844112	-0.0439394326826436	-0.01434878799168449	-0.0806531091013728
19e33db1ab79a4d1f264333c5a983b79	0.03116779464159939	0.027382126151100163	0.02640396505790698
1a54c02a87b572e73564f6ce8182e192	0.024290011829124835	0.054002097035715506	0.002563748649978573
1b36dcb100265ef492b2651e68fdca1e	0.04492871281597458	-0.002789851152832194	-0.013090970319612228
1b9b2c29f601cda27b52316d150b10f1	0.05334570739776591	-0.03681005316184559	0.009464426376663188
1cc57818dc10dfbe0c44cf2c3ccd5714	0.008398039704237394	-0.024085750386246163	-0.05703554772878539
1e38bcce11dfc0a55620c4f6a317b547	-0.02602971012790436	0.03724180758258883	0.018217451052209756
1e3c86d80976aef669c18da7b4a5e1ef	0.006887521113460998	0.011212927830421333	0.02624468528005457
2041447fd98a70ab535e2ce40ef988a3	0.05670552515641291	-0.02222730141690488	0.03667031148500872
2055eb26eb5fe3d4fac2d9b51366bb0d	-0.06417125917203732	0.023054328306257615	0.10273848993929992
2160a557aebea67b49d2aa57a5e6902f	-0.06825902558454998	0.09499127038159581	0.016941417403204994
219ae21f321364e8fb2f83d82fe9b22a	-0.018449566096923834	0.007335833430274415	0.03747879118740186
2263102ff78929e8965a650c276b888e	0.05212955119157769	0.002339755816455812	-0.11298908106513328
2275abcf0f25a863d6174c7ac165e759	0.009469584045676478	-0.026367679845290946	-0.007760489907526448
228e5bdfe0aa709095a2f688724d7767	0.044436062483416465	0.07213852982018963	-0.039129288974559105
23535f66a867a6ccd6da626a0f31dd5c	0.02867931835113823	-0.005151088366361513	-0.03403961663787114
23e2400d78108ea874d84eb112b65afe	-0.04896758188758052	-0.05098558952250714	0.015138466780818273
243613790fd8a0b13a6e0e96836a7e49	0.09399296849161484	-0.09821872425634387	0.036199490965416525
258d835a10d9c7672cbc055dc882d683	0.0037842987403924953	-0.027213231281648254	0.005457007403493325
260d08fee1d28cb66e73473a07389044	0.04175017092555654	-0.043323379745617084	0.01442338411274813
2614f8181d199e0a2344bc4cacd5bbe6	0.07655908057109286	-0.020306865479464	0.05863738282772262
26bd75b4b7bd76cf582f304494bf1e1a	0.050937851151847444	0.017473150507066548	-0.010913323776685155
26d5b41dd48776484c863a05faf3f2b1	-0.036104590565626614	-0.010947531879656722	0.03257180270475122
27319161c39e618a5b57f48b4510a903	0.08097061437263416	-0.006153195304538294	-0.06940304031477315
2803b661df0847eb6087dc3fecc1c0fa	-0.04537316488936709	-0.041120001056769245	-0.09088832998070155
285c246210326467cebf973e39de4c4b	0.030011612676119778	0.01240222694523248	0.005859270719927978
29d9a136c40bdbb509e14f268488370f	-0.0069643555159490285	-0.007746203055628717	-0.017122161289639712
2a4811d4964e4798ff7257e923c29999	0.043777963124676085	0.04340898693441639	-0.049927364253634296
2acf6baf2e29c18e8fb33ed9007dbcc7	-0.038938113115328965	0.06180529744082851	0.0014340755939374443
2beb56080cfe7c5c819243a9e09b11ea	-0.1039749654988378	-0.09090857201894936	0.010115288726717858
2cb9fbacc5946fa230b27bfbe5abb9a1	0.03687229832724881	0.06309724394016761	-0.015491757485861594
2d392ae3b96f626203ee9f01d24191d5	0.006631189904124408	-0.08650550810485766	0.15177474108379532
2dc5a0dbfb6613825e45889bd6bfda05	-0.03784883500507054	0.0011259777482394405	-0.06411400462731154
2ddf1b25e0c80aa24f2024379724d09d	0.017175356625463354	0.00046947218825843447	-0.05621299723936027
2fcac9963357a409f986235e5799fa7e	-0.03728803308871882	0.016721875806847027	-0.018637401620501145
30273a01e2f871752acf1dfd9364b74e	0.07156544479753207	0.057661160719132236	-0.08201256918525646
30c48a661e051c9f7022f881c8ee2761	0.03983926922708826	0.06896202725369381	0.003751989855643193
31d55184a3e695a53d74c0d606658577	0.0223772369527471	0.01062554779678845	-0.03955892444618579
31ed1d03be907717199d50b9a58046d3	0.007388014440254053	-0.055011173195275105	0.012205731654945573
32facb1052b679b352451d2d29f72bb4	0.03942058461056854	-0.021097423093374663	-0.0356450163708371
33cdb2d178b58cef3aa31442c484bdeb	-0.10821327128639703	0.015544862187949319	0.03507471394870187
33f990efec41e9a54193446b0ec2e0b6	-0.03219915880148439	-0.084891578694293	-0.03535022589760168
34833c5e758825dfd60240fa8ce2ee50	-0.02907165510112648	0.028144458682517817	0.10264502039766074
34a35d1c9e1446100a5fab7b24ab8181	0.04647349432571447	0.010315691588579774	-0.036801825752074184
34f6fc954d993f90ccbc3c490e09b54b	-0.09094191181803324	-0.0957426414868103	-0.026674161000984138
351689a6518d0ff0dcdcf0c8d4716821	0.014449801267433813	-0.11999293949649745	0.06992336812878264
354fad405f5e1dde1fe20ce6c6d8f5bf	-0.07993185770167825	-0.03886380099441426	0.0046847987926549465
35a0eb4b2b5be01f38f5a692222650cb	-0.0015884603570606307	-0.10470014119006099	0.07347713861719919
35c908e555dfb3ab221f68183fd21d5b	-0.0910801487891084	-0.002444766382347096	-0.10448750232510949
36bcf44850a9abaa03ef2ee725ec765e	0.05411045150029471	0.02174539469296265	-0.13386774229844384
376e40d97ea420be2d8a068ae67dd841	0.06024866712547089	0.06259370748298886	-0.029542401082592915
380f2e9d54af3c7fd8090503d65306e7	-0.10981082080621343	-0.01868138244647764	0.07459050365368923
389311edfac9459fc972d6c746eb20dc	0.012831989259071582	0.04647733401583592	0.04147067873754671
395a6718d9bc2fc3c78ca504e45cc56a	0.04354639102810522	-0.03475770158300828	-0.019829277994810938
3b69b863dfbd59dde298719e7f978281	-0.0035157274877085885	0.018243866205062242	0.003844283584657368
3bef82ecab49f45ea30d57a4c26ef5c6	0.12302399049871462	0.030954417644542077	-0.004500991230087789
3c88917286cd7791afc8f91df91fb4ec	-0.018095084944545585	-0.011742410642646632	-0.011827582111650614
3ce427fa47c24e12eef69c9fd86191e4	0.09723693997049754	-0.026166305655590805	-0.08638583743161939
3d3670c019e3d375675001f846e23cf8	0.12990201435564386	-0.022993440456099284	-0.06612455092026692
3dcb4b820f0c54ac3b4934c275a07285	0.043103709456293764	-0.09617647026473217	-0.0687130464933356
3eb58b59d1e08d00887338a5d28e8c83	-0.025354212468407227	-0.030470302767317277	0.046943049088602064
3ee5eefceef67d849cd10fe0309a23a2	0.024789936881960132	-0.04852864677708855	0.011415498767573305
459bf58ca2c838be2859909166f4bd8e	-0.032486442230409786	-0.03250200911612414	0.010467298738143093
4628a235f12ab9377779369e06d0e8a2	-0.0901957198807528	-0.040691633307708155	0.1194598925410376
46eae22b0f5df3d9eb1c1b6b4d0979ed	-0.04642854976086441	0.06720011967115373	0.031581631351984975
47394af1100e242abbd1e1ce09b2becc	0.008302513349215458	0.06372846042628116	-0.04285269122704905
4747335cf6e50932897fcbb0c5fc0516	0.04409953196418612	0.012182293900297262	0.042332416915179576
47c0cbbc8f2c445fd8af445c4785f491	0.10899272156079919	0.148152371037739	0.033398646716245324
4823eac7ade162ce9408f4531787234a	0.05772910844446389	0.036561536462732636	-0.003078141810862164
48d533457182cf37fefbe0eccc6370cd	0.017216994413966572	-0.0003780490734231681	-0.01721072773194114
49657fd0f66dc0c9fadb7a76a4c4438d	0.04079681186314338	-0.003695979221985401	-0.033178742853407495
4a492bbd72d7464be900afeed3ffd4aa	-0.010578168658196876	-0.000176118692900826	0.06082587783944232
4a617471e7e9ef87a5dddaec1652f5f6	-0.03172302547887404	0.0036585063683800194	0.011935623288361511
4a6c32023a9c0414b93611a43ab2e97a	0.1037470958091271	-0.07374648356156609	-0.04096133232503771
4a7a37ca8fd0ffe04b87dc50e0ed8f0b	0.046243147139563866	-0.0780604570398452	0.07700434314555346
4b294e372996ce9891086169c9d116d1	0.013235451628555118	-0.01391867312978186	-0.11940586400463281
4c241f0f7beb058db097f64adf1d3627	-0.062745669925559	-0.07522251742650464	-0.04448634599580366
4ca05e440fbf904bcec6acaa6419e3a3	-0.07575446279499162	0.04989770972593223	-0.08625067147170135
4cc7061fcd5b4fcd48680f734e8ded06	0.06229267814423487	0.02590276075158457	-0.001301423642554105
4ea7a79e165ab1c732031f61816c74f9	0.005961023237747762	0.006506982488897868	-0.04035464820851216
4f7fbe4848d84527f943e630ece80f51	0.04372269285215666	0.04108897886198823	0.034762544442005064
4f927c7366d53faf412833b101cea313	0.05547219540614718	0.10556725072756243	-0.007449523986916203
4fefd3ddfb9c3de1651ad4517ab91a96	0.026718967817544903	0.056561135313096235	0.02503092117211142
50c4567910430a7cbcc0799315924ec9	0.08620164623132576	-0.07578123477101074	0.12441450518554613
5104685e3547f7889857673344d304ac	0.10038437254308186	-0.08583247116384053	0.04891790838917623
51dc99c17003ba96c565497f74b8f0c3	0.09626372686857279	0.004609204058956908	-0.08347381153611667
523f9e162966438a4d1482831f020cbe	-0.014885626432789867	0.09201088435660228	0.006485937690491418
5268086404e1106c712345726e894f06	0.08333372571970818	0.02145617294611427	-0.03043329555921819
54f1d056a621d6e6a69199326f1ac0af	0.02786982310138968	0.05166179237235997	-0.02841119791525407
550df12bc561cff4b34e144d5fe55b7f	-0.0159062218001472	-0.005934095180085089	-0.03138638343947365
5546963851c6b0f0b185726892ee7b2e	-0.07260368037096361	0.14014501284575673	-0.04311749136755574
556d91e7b33fd7c4952b60195f6f1c6e	0.009532377220568489	0.019013229129666114	-0.0828840399235837
557c5907122a1325bd3ac1edb14efe38	0.03872564883570614	-0.07093261847891358	0.07646272876319393
559615ddb1e1b56c99be8558f837413e	-0.019334089271519382	0.02025925436641405	0.05590058953255403
55a12fedf271f6ca56a10005e549282f	-0.0699852893980434	0.1215468989469324	0.04518517331144919
56443aa3849f20e0bea2762c5e2cb82a	0.013922603462135363	-0.03653812436638003	0.02915973727145936
56a2e3facead91fffcf31dc7f8f1fa93	-0.035003309501122286	-0.04045816686176224	0.029229712533157638
5722566b201a860939f1b187eb4f520c	-0.08206740587898945	-0.09346643107652335	0.03469148690950096
5a9ee2ed397c2b782c08eae71112d95e	0.04578170157201916	-0.043042576177704045	0.03649487261936896
5d4fc8b6a0726b0f1257921addf300c1	0.10491504628086741	0.08864494127356941	-0.008013373134489627
5dc03b7daeff725048cba59d46f2c2a8	-0.06721077314511546	0.07336635285930401	-0.014131352841936517
5ee190ed330717c4a1b357163fc2ff6f	0.040532531998896566	0.0013143301276406657	-0.02975442986584749
5f2406154fc8ef0127f3bcc3bf4cbed0	-0.009982456660268618	0.027679270563487863	0.08187127994322199
604a0baf6202574af957de3e97a21ee4	-0.0766777409568314	0.04004579783858919	0.03078990663252985
611067f0419045098022d750354f6eb0	0.06227726822820562	0.04196081428319272	0.014425574642754662
6393bd2a0e1fcff21daabf209a453e2d	-0.026910427585192645	0.03243082420838089	-0.050282257085313656
63ecc85e440b61b3115b0a1c539978a1	-0.002288751268720066	-0.0360282150530052	0.04658576085792247
6438276173cd7879f7052ec547b7bba3	-0.019221582313823118	0.013626207699149807	0.025159063597803653
6582092bffb7e5b250c16242d0c0f297	0.018150704778292934	0.008777836056556791	-0.025324737407573777
65f8c08744d226a31ae67881eb1e898d	0.047165509306331586	-0.060092206519697426	-0.12223027985862474
677623cd58f63210d5b2d809274c3776	0.022808061531943657	0.001131443976409487	0.007982236789635304
677fa5eead25107508528d46f9ecee67	0.018273480530176824	-0.0604564308974269	-0.008094388842274989
67b469c82d644c5f5b0eafdb81649fd3	-0.028881063823048995	-0.032512642413116695	0.0022729067055810206
67bb862afaef8edd652dce5d5aa2c380	-0.125771026248752	0.09445533185696017	-0.014417272479142684
67f85d806ac0501ddf2ab5a6e6a8a1ec	0.03523169008554861	0.02708127089954086	0.024696233961845077
68419107dd2c1d6cabda9631e27db1d0	0.07699665739168873	0.03658735311952053	-0.014732988448797684
6bb4c622de42f5a91520ce0cfc2b56a8	-0.046870293803618256	0.018361424045923946	-0.05416570834236201
6c2469877476869511d078391e3bfa97	0.015398833189896016	-0.07338210395967369	-0.06782700359607406
6c2df82dc9f7d95d2fa26f981a6802fb	-0.013874984349269504	0.024573731460496476	0.011477948123317863
6cb9877dd737e2c943bf72ba0f114e30	0.007298543061309884	0.03614686656291469	0.02720840814268224
6de8cf623b5f406ed64ee1246b1be4b4	-0.02907076431349721	0.06265311740802865	-0.04429180258394017
6e27626cc7716290765de45a07b0284c	-0.018823814322302682	-0.02783076731688213	-0.0657407451387796
6e6d0d283f8794d158e9ad7f09960b18	-0.13760214651906386	-0.04239777795582133	0.02269222265804529
6fba97dd3b704da519776c439035821b	0.0349403772238322	0.056179146532204696	-0.02748536780766086
701e711444ea753c6fb81dd000808050	-0.05345136724488031	-0.03242859342652423	-0.011501192025613711
718884be6ea446cd00077da4d330d8e2	0.03589257552160366	-0.05204502642874091	-0.05949136405567701
72287196e85710d54e525ec581f86551	0.026446307749898545	0.07311171080452639	-0.04997240930575418
7262c184116681974d7c727d1185c0ce	0.05008717797599323	0.01712845213516289	-0.0005995354064162918
74d2a502e6de0b62163cf27f713c5b9f	0.04365788417149443	0.04294274848871033	-0.012682245946032344
76cc1cd67d19d8dc6e5ee11117ea0e94	-0.043246954575608225	0.03898993134319647	-0.05056295381334084
7856700e0ebd0f63ea3ec7d98f7412c5	-0.02383425536343661	0.0453413182614712	0.04054270308652509
78640bc443011a562fac6913243fee61	-0.022392177171685658	-0.032553148986780245	-7.883823901439314e-05
792d482e1603901a40b4fc8e5a39e309	0.002192717792702587	-0.035109615157015724	0.00447250472390487
7a873bd19ccbedc33503267469ecf5ea	-0.04796888136337421	-0.05777279253920879	0.005507357737900849
7e8b98d111e47c2dc625166be2f73bf9	0.0355743371516272	-0.028294991093119795	7.961349478042324e-05
7f1d8c4451eb52641f7453c17696bf6c	0.018686803094249065	-0.007919566155552164	0.03419280141374229
8091a191742e9d758effa9c221752de5	-0.05329896894855948	-0.0207007406329728	-0.05623030984943173
80dc46738cbb26e77bd9c842d10f8d24	-0.019320422524287843	0.004449092534022495	-0.018277984409103838
837d73077ea37042794d7c79cbbd55fa	0.03768119970283299	-0.04920500063029467	-0.012631752605342198
84c0fcf56a322a6a78e8b758a260ef91	0.042583065389519836	0.0717546326959962	0.0609120128809792
85913f0c497150296299b5868cc81806	-0.019461902580507888	-0.055384583556806456	-0.031979600282352534
85da9063066716b3246cd0ad4f665486	0.010878203113737122	-0.032105565983301665	-0.0813682099289282
88e66594808c68a86420dd8b72302c3c	0.06585428000477134	-0.01661549866415133	-0.003463191496607068
89c938db8d9264a11ad5d9e8453a5f22	-0.010409263242020779	-0.04294737278478438	0.006431005656812012
8b36aa1bae030e181a2d4e09ded8dbbb	0.13173311440444838	-0.036634515564383435	0.03989259098202997
8c313c9d59fc1697a7b47ed4c536ba45	-0.024231030984033997	0.08774726211493257	-0.0023266991404344408
8cdaa662803d730cd3d608604b8ccc1b	0.03672957646097035	0.12645899200628236	-0.0012937830530180645
8e3b4c46544d3ace61ed495b6f381464	0.009255276453919015	0.05705672490955931	-0.04454048079811041
8f824bd0b738c65aa209929ab1666660	0.05358959749527174	0.0524746035955352	-0.04296164273635889
8f867561ae62a0498db0c55fb0edc934	-0.013592494542316959	0.05233015510866134	0.009033733447180888
8fb522227a33af70c804ebccb2e0aa99	-0.08563996920647099	0.0010798627111902757	-0.002087672616140437
902bd5cc9b3bfd7174cf11aa3c302a1b	-0.02849201399351459	-0.03307476062131189	0.012834315539788586
9110148c75a18ea573b3bc9904d05d7a	0.02096834419604399	-0.0578808288900006	-0.010716796142979882
911b1952030fcf48e5b8047db1475214	-0.038681355580663185	0.02006647376106964	0.06994934719147718
9135b9c4745d91fdf22b1792a9f7823d	0.012904450976866898	-0.03224253878044242	0.029664376781392367
91a41add89cc1956ef72b139fc0dc36a	0.06348259435403009	-0.09154972581879835	-0.027357802919343522
92878adf27a12a3ddbe6fceb4e3275f6	-0.027731288028178744	-0.01947258930146774	-0.03900803948760732
92a69246923fa2c997c515b0b357e8a0	-0.07544758362011725	0.09360280541076459	0.007123336569301121
92b48f8902a01a8e9bd724ceeabc8af9	0.06549295161864688	-0.057330403182459404	-0.005599162940486083
92fdd613be6eaf59c4883c27aa436bcc	0.041692606476144534	-0.053070791104708796	0.04079629736225091
93092a331bfaef238235df70f700accb	0.038257241071984874	0.038420602403853116	-0.08943781073322767
9319d05e7cc994d94cd1fa91fe58612c	-0.022590803398439923	-0.0037718086405097244	-0.02220846412192853
93bbef6c12dff490949e207ce7b57c97	0.01760856940999651	0.0815440759519292	0.008362228784345817
9458b7dad37c46ef77432c07caaaff8a	-0.07809642730394893	-0.003590911859056873	-0.03555256059689429
947a5d4c7ad27a42b75192942695c109	-0.0015663736735592071	0.03528840706961411	-0.026244701275736523
950e9bf0cb8019c5c4572bb69432e2b8	-0.028875178987687773	-0.028816049611957006	-0.01982810521607347
95235d1f076982d8fe7996450249bad7	-0.01962255459560492	0.05371973933564222	-0.02458501196250663
9567323bb2aba079837b3d6b60688068	0.05508359961872301	-0.013809839876174321	-0.1023012823191107
965b2e018609a1a0e3cd887a9262426f	0.027807476670071413	-0.07219490971154419	0.023420847271130665
965c869e6494d6aa9573bc46b38b0863	0.05411499052920285	-0.06605817499240481	0.021461326982232555
9722db60e77619e7eebb81db4b226f7f	-0.0367920454776697	-0.04326770014171196	0.009499095512636448
97411ae93db131250771fe2ae897e5cc	-0.1044297608134788	0.0547542470659741	0.06724654918635949
99df9369adfdd9d4b907bdd11bdc0e5f	-0.09384183229534833	-0.15471897153849487	-0.004931319146987439
9a59bd0e9af8ea1de6716142351b7982	0.056901130988842356	-0.006041597807814754	-0.059885995229894295
9b174cda29e888577f6942e5dd5aaf6f	-0.007155078250416314	-0.07330630264673228	0.0631756336235679
9b1bae2f9b97526fafc8f150d7b486cd	0.03978552600206082	0.07160321924390506	-0.034227131781963585
9bbe06fb247b933d10f35a2220a0b5d4	-0.02946185289957801	-0.06046895891600776	-0.026785600885971896
9bd1c21c7d6c7f881fda334545158df1	0.0025210268717170406	-0.010643633390298956	-0.045121759058160946
9c2d8a17c717cc793fe7af5d37951703	0.07255780915101367	-0.04663284879260927	0.03910196198872167
9cd1aa544247e876f4dc6e2e454105ea	0.1065910295548645	-0.11105905395626939	-0.21616994359488528
9d0aa7542990f0c3061ec3fd7dac6354	0.010308930865290796	0.001307534876837242	-0.04617849493646139
9d56e90a5fae5721052d961ef7e7d2a5	0.051924819475605934	0.05857857489971981	0.06435489710930947
a0032094ba7a48ae0550c95116ddc542	0.013569104809446656	0.0035410331733473914	-0.07340234906762443
a003788fdabb27a0c255d291ff751a5c	0.05543831368814843	-0.06124395629078802	0.042958294532290685
a0ba082a7067eefcdc4a672dfea6e41f	0.08616015130514228	0.020595302447518563	0.03867562092489618
a498df6cab3feb774fb9570fd7143c3c	-0.003825616102158864	0.025354812863416253	0.06833175781047823
a5b2419d367b1b532eaaa6468ac875b2	-0.01640495741261471	-0.005146031122591198	0.08849211624386688
a77bce6df3593ff2cb22310b85096033	-0.049346244371835525	0.0439231723168897	-0.044964151896245655
a84abbad64d4daea0d5c0b7c86950523	-0.012339623033487656	-0.005684092756742586	0.08269077519161942
a8ba90ee97d6ed2aa4aa6d6163c1fdca	-0.042809070254267174	-0.058839920946873514	0.010445692636646187
aa316b1ee29ca229d3b6e3baa3caada1	-0.08273973125490705	-0.09984709121958972	-0.17485027092316655
ab317db3925865cddca3f29dfa80f665	-0.058899453258130015	-0.0018948859574032858	-0.07004499665141914
ad76d1bbfa002fc908d1d302cdc3ff98	0.07503862009615596	0.010428117407368357	0.016658117213754677
adccf260fe656dad59e86a6dc8e50f6f	-0.04362433386120253	0.0596271527655756	-0.0076088201044346385
aec3242558de5d1d6e4480ed7c673bf5	-0.03178001577216518	0.004585902766975871	0.009602570267965902
b01a71b94a5275a92a815babfb05b506	-0.04712077590908792	-0.04748356105648261	-0.018221434787651966
b09067de9452930758fee710fad8e9d7	0.03133593820700269	0.06430717069571906	0.010693997764691545
b1416bcf57713181f67d91a8e135ccd7	0.025467536619070877	0.01705251247089046	0.07277122687812644
b394a77079b74bac5f72a9c3320058b2	-0.02050928061554715	-0.004311826327833053	-0.0924201458001045
b49a1fdc282cd8559dbe092845a63979	-0.013310593017361722	-0.01088072470395716	0.07195778488084788
b54d0f2c1700cde34216567c74b49403	-0.06188484986346525	0.05779262354784427	0.002485121510172395
b65ce84f223f08d06700c147ce8832f2	-0.015199374721654465	-0.017247607914754114	0.013251958502351127
b79951d6c761e531a05659cb65255bcd	0.01981063707238031	-0.06608009188970732	0.04604821201778238
b7d95e87ceb4f61b19f11fa8b601599b	0.03781316399939937	-0.057419246641232796	0.0247787490336945
b7e9f2010a5a4fa0682360f66ce9c810	-0.008124544559557682	0.03455856171141459	-0.004812052748305037
b8103800f6b00ea71a1868e3723ceba0	0.024987569440689257	-0.11051769520746546	0.0608436675678681
b8347a69a4731d052daa6c65010b6db5	-0.00517732532966225	0.014451709556433249	0.1572688896107268
baca416990c75e3ce98b889c7cb02f18	-0.06944743040953841	0.006418061265505109	0.01537226427206137
bb04f0db97606a5e716419b3cc77aaaa	-0.04225592967325577	-0.04146933273265351	0.03229482271066005
bc13a174cdaf04564d81dab5feb338ef	0.00015479723493467268	-0.017027394645780597	-0.029776430953057105
bc37094e8567503408d97a79b5433028	0.0039027978450807597	0.00820790268083745	-0.08238629242071197
bcc9e067bb7eee3f617966cd1b2ae742	0.031503570379529756	-0.009750512117456539	-0.013136820163283665
bcf4065e27a7ff738f4a28c9769944ea	-0.05895464289068334	0.03643428857601264	-0.02396340796759339
bdc8f6b36a8a2ae56de3aee01c55af69	0.039333936243616995	-0.03687113847665219	0.1178274029820485
be2721ebca88dc5f0b935702dc065cc7	-0.017812681697636806	0.05626629947284569	0.040757301608371994
be6d75e0372aa8fc3a06cb6b1c29985f	0.011926166118455254	-0.10044605839053808	-0.08934392609509408
be76abf907294ba5e27bead6c7a161a5	0.00724572196722392	-0.000771406307891115	-0.08729592482113409
bee2c9aa927974a5845c9a4a2b7ebe77	-0.12237889936446794	-0.010834588715848198	0.033238819179133676
bef2314c96695b0702209b5cf9521182	0.029104148552035376	-0.004602912301334072	0.008808859376008006
bf20b4762ad373cacb36a35fba23dcd4	-0.048501603396174264	-0.0363338387710967	0.02081709155676044
bfcbae5fb0e96ee86398f66514235023	-0.052605514684073956	0.006533795225716479	0.05070887699604388
c0912bf03f31cfacf07ce3462cb611c3	-0.05133856015286084	-0.06491012333486244	0.05464611298212395
c0b8ab6e294394f6d6031669e1fa3b0b	-0.049579104302081546	-0.0067299276398331016	0.028239252647421414
c12a7b0b4974a6cdaae3d7530fc0cd41	0.003119980274690221	-0.0599413112468975	-0.000733753147976103
c22243debd017cf66f9da329f4fab550	0.02484714017354149	0.05683132298253591	-0.002337920786294653
c265f6ec7200ed1f03f1501c3ae9604b	-0.024640212879822158	0.06900823097582719	0.06968576316933883
c2789cc390cd77132790439ae7102061	-0.018810257914750918	0.04673412790290658	-0.10517938296942299
c2f46b211c18980df4af0d11cda5eadc	0.06951330851214613	-0.1292765019327451	0.07373357022336992
c456a2fc832afed8b60a9dd0c155c5be	0.037898305221573315	-0.05162886919544956	0.07605596303389961
c52404d9a3cd381886113b9c11ed4f51	0.029341033228551316	-0.02147456706658875	-0.02333679300702846
c5ad7a91d56f32bffe890a9e8e3c4d8f	-0.04837767680264341	-0.0532251815199085	-0.029258865021334554
c5ef917a072bdc88098f92d6e350853f	0.011791462812627338	-0.023739527120445705	-0.03653860963090355
c60d4ab5e2efadca90143bb7d4415fd1	0.01555144393351952	-0.08975790723168707	0.10613666039712605
c619eb858d1b5afd0ac936c3015e5f80	0.0037115459821181478	-0.002398043948053615	-0.02137025449174995
c78e804b52ac7b8857b2c5da1df8d243	0.04185199224696897	0.0011437535189121795	-0.027268283089065943
c9bdba35d3acfaad76c53bd137f29d72	-0.017713154567833837	0.09746232912797201	0.013212899315637877
ca776f96c9d26b00009fc9f02cf00c44	-0.12614571484972206	-0.13410770863075627	0.07731654742402917
caf0612ded126d195c789180a7de2c3d	-0.0064229061258218095	-0.06930536380268948	-0.07440605704061859
cb19c99d6d857520f32a99de4676baa5	0.0632391752733443	0.02986255323430013	-0.026272534320889735
cb9491ce33553f6dfaeac8825d136adf	-0.0063471988595264405	-0.012992495754511417	-0.08089903854623044
cc27e49038ff84139ca6d2fa4b52e643	-0.05206994069655219	0.11324896280861659	0.005224062158838252
cd21fbcfd823ac35c94651f7d629befd	-0.006651702652430553	0.03388426525424969	-0.06827128971464265
cda0258fe9e46292b58046ac837083c2	-0.03616079534016653	0.07545768295242508	0.0737201029274938
cdaba843ddabb1a7d9df4a83524dbc5a	-0.01174692192316002	0.0465600866595786	-0.0022976712811006448
ce0a46308749a783946f1f1b1980b0db	0.12202825627429577	0.03672116820692255	0.06351813286197573
cea0c70a86c95c56f424b2c317562310	-0.09869273467573893	0.046999849794483566	-0.12012277470228527
cf2bdc684a33337cad1f52d6a93d1379	-0.027885985009504087	0.03835914395637015	0.033272676237361035
cf3085efff6d57d72944424e6e412633	-0.04461499024258664	-0.045376477411223956	-0.031705209639385425
d08a6d60f19fa3f79bb2ed9b35026595	0.046244797533837236	0.02023322272203641	-0.04034489913822362
d1282e2f4ff39ec47248bfc92faf3f66	-0.0027981347988435866	0.04970866308307881	0.007147672551299529
d18d3a541861ad68fd67928cbb1d7056	-0.013109651676446643	0.03289335376429461	0.07920626292913766
d21f1b5abbbcc77cb8514d558bf4d27f	0.012263289963308008	-0.010304709097688393	0.01858404238171925
d23b68d9eee3bed1341715f6df1628cc	0.004971660380648958	0.0014112193427008605	0.03419152500074255
d32547df5dc908df00e606c6da6915c2	0.02912822311032164	0.08141899972336986	-0.0400403225844313
d37584acc79096e465d0a04034ff3770	0.0014143487616889241	0.07416477359565964	-0.04065654564901487
d5291509461a2bb206d546dce6967315	-0.010349868514220548	-0.03412606987965519	0.04899567457138314
d581b1c9aaf1a1e3fb9e47820af732eb	0.03801701618107265	-0.013895423184397656	-0.019070433483875656
d66430d06d45bd83015cd4e272be435e	-0.10468520866571442	0.04895149908867622	0.020789108933226125
d6861067b48f2d01275503b2c16560ba	-0.057162147668852734	0.08194909056954985	0.029943293025631035
d78e7e3e739ff90bb23f877c1f81a114	-0.05063815327610673	-0.03301565036814847	0.07318552792258642
d7c40dfce5467e2a0c850c0e786e501d	-0.031874816742610515	-0.06473067038401925	0.059784670950997106
d8a7c2f489c77b107742d89a90ba7096	-0.009614900132435648	0.0505561384433856	0.0012772374347141827
d9a7074f2c9a6835f091a5c5b5084e6c	-0.10211012661687192	0.1021937550393559	0.02397302235642841
d9b724b50637a3f56b0cb6c95394f479	-0.005488281405133448	0.04044472299068237	0.03645203579749955
db72295f64e8611d108556790d08c723	0.026461714446271798	0.017800514342470472	-0.0021757087819518134
db75348bf17d7e1827ced201d604fd23	-0.0660627286000861	-0.053726527087916066	0.019658161770202423
dba177c5454b14919a45c53d874d93f7	0.007244140531391938	0.013048759881222274	0.023178575623997024
dc3f369ac758fe2dfd56624439e7fa96	-0.020153792675274715	-0.048608572380284654	0.03560471344000548
dcb96508b4db1d9e860541fb68f7b1f5	0.021128356637222314	-0.012392918777085956	-0.03113893658950957
ddab02a78a21523630eeadbdb6f2df53	-0.0034729844232277035	0.05799305991357936	0.030613643820949273
ddff848f38eb97ac2ae2c0101fadd1ba	-0.0037634245958447637	-0.09655424189049717	-0.07271713178847777
deac0311f08ab572edf5c03a072cc470	0.009198342031762868	0.02642590722193449	0.08774250073144403
df015bfa17b41b4ceceab90aedfb11ff	0.015502268487957906	-0.007534201716088514	0.014153568378982182
dffb7b4940e0146e0d3de885940f1537	-0.053865500056766345	-0.024014588849865254	-0.006742810357151428
e08aed2387f8d8d3b7719d1e248fa978	0.003458377440026454	-0.000925858999670116	-0.025940162593858514
e11fdf527f03f7ec134b433adbec83a4	-0.04953966963892727	-0.1001751020734	0.0616666510456067
e15ec9eb089df2cdaa7021b948f08452	-0.042601796081398344	0.05744857417469751	0.0408160117030076
e1fa77b8622d102b4f0ea7f5b64183ab	-0.010147653189848753	-0.08141789106873755	-0.044983175236604896
e24915f872b88560d3125baa84296d23	-0.09687922720219215	-0.049017043663839285	0.08904822091500271
e2e15c0e23ff661c7aeb2e444db8f45b	-0.04558275314610038	0.04830940828716228	-0.04839682509718348
e30241afb5c9e652ff7f1d838be9093a	0.044780964041627784	-0.016701531836183996	-0.038111870508591564
e3b66475404fea0a967dabb487e759f7	-0.11581806621303668	-0.07394220174940844	-0.07018700246441516
e4b2d0bf5cd2e2db288832c50a640cfb	-0.023224005070638015	-0.002745429887559319	-0.05474325227645695
e5087041292954306387f0f8d4ea6a20	0.07834260093907328	0.051869408053093535	0.014051665227716661
e7c659a8042dca810b02c0336c263240	-0.060305262978208464	0.12243604258807006	0.09348860604279689
e88936548502e3b4077282ba9c540efe	-0.002612259702675669	0.04908647285808819	0.006221320678953546
e8e4563c66c74f86c0d84c1cf2148712	-0.0011562188039829534	0.10099562560137373	0.032015760998265544
ea442c93c7f8208e7cb8c77a9bedd2c2	0.11230450116391222	-0.00540131931568686	0.059672745272752
eb7eacb05232f21178e81631063006b9	-0.006566356128244982	0.1026205902072467	0.07463596910768042
ebb7b5d58b0bff49fa92e43d879b24c9	-0.014662279634108643	-0.0977390817661913	0.10289707307308185
ecc2e4e4f7de67f159627578df34d15d	0.058095471639210985	0.001765109615547592	-0.04318372487786783
ed8428135e4ecbe8b7d7216c29fb9769	-0.11023466267504914	-0.14105405964973983	-0.030242680048074226
ede6f8ab074b682d1dd8458a8ad83b55	-0.02342010285234576	0.0352230572416376	0.023400448002894272
ef075a177e6557c1fa39327e961f4632	-0.045704292068881915	0.03654297300259027	0.01742525249693611
f3c8a0064b1e822efb6637b3fda8cd52	0.07283695418851635	-0.0077358122618837	0.04808220026873758
f45b2788b3aee8e886b774781aed255c	-0.016536578453677824	0.011937163962083582	-0.0009178498275378722
f53e322e93c971e1fffb599a49f45769	-0.025698960808406432	-0.06951431318640103	-0.1125394871131756
f5ac29b7a636823436ab6c2963a874d1	0.017296655106351953	-0.024154540817925153	0.0593899827843011
f63c6aad20ccc0bc4e4fcf08d4391d72	-0.05855372490045463	-0.08423017946333898	-0.014946161992170682
f8c9d211480e3433459b40479a7e08d1	-0.044722900713817154	0.06166338176645363	0.027774339281499798
fbfad8277b30bdc1106985ba329f6688	0.06360370119020244	-0.00868040538657786	0.014357114573585232
fc69caa4e538a10f9909125e58dcf3e7	-0.0052832513032196795	0.01228739449969525	-0.0019449316400461717
fcf92ee895911775032f63c36e56934a	0.03353597088626498	0.05166528086561256	0.06739167989531078
fd09f3bcbb086c79b4d1243aefee40e0	0.03731235519241696	-0.04164936799377228	0.030039873422983636
fdafb032a5ff3bf2da7f16976377f717	0.06315461631295184	0.05440629108862318	0.03562890029001857
fdda10f16b7194164d3afccfe3272f53	0.014688869061379272	0.051827231115805665	0.00848260887887787
fe828de89def1061fe1331b2a4b39c11	-0.03958005461059979	-0.019613517535497147	-0.13231902569567083
ffe5ab717bc0d1c1a6d5a2511a416836	0.054703046135223664	0.044360703347239516	0.08813019868041498

Biplot	0	0

Site constraints	0	0
